Time (µs),CH1_Voltage (mV),CH2_Voltage (mV)
0.0,-0.02756069536569576,-0.03339898318705091
0.02,0.28950913413841267,0.3071297877478544
0.04,0.5069468370940847,0.4891395907382034
0.06,0.4644713214112563,0.49830913263766147
0.08,0.29349961066023983,0.2789340993150418
0.1,0.0012371398730969584,0.0029084775592107936
0.12,-0.2648827294602068,-0.2951726519341541
0.14,-0.5147910219573544,-0.49652872023024797
0.16,-0.4731540564311186,-0.48063916509826304
0.18,-0.3134457271595165,-0.30639523482965947
0.2,0.03939799558274377,-0.011785071809015028
0.22,0.2701167904654347,0.3209922351115141
0.24,0.4828340872891982,0.48211613576928336
0.26,0.4720699915003072,0.45386432110395974
0.28,0.2782372158159526,0.36362457620333805
0.3,0.023705288632148352,-0.0057775860894850265
0.32,-0.30123430656297195,-0.3001138310102512
0.34,-0.47950602503830836,-0.4946249190003418
0.36,-0.4715982195281001,-0.5316152701895475
0.38,-0.2508026185337892,-0.2767100915521564
0.4,0.00946450380653107,-0.020157999300491607
0.42,0.2681344970603681,0.2679431012263011
0.44,0.480164858260919,0.440998827313959
0.46,0.4693383169340289,0.4765596226478526
0.48,0.2887452694630561,0.2710106669086283
0.5,-0.005028160738245479,-0.013644862419858444
0.52,-0.30847188906550416,-0.29767104821087703
0.54,-0.4731806911897867,-0.44962052668839936
0.56,-0.47814831345125525,-0.4874978419625081
0.58,-0.21287768812510244,-0.27601273816313526
0.6,0.06400218301377189,0.020114351131592767
0.62,0.3908319992003859,0.3675733896170508
0.64,0.6502396860642662,0.6386896693025369
0.66,0.8166614298540058,0.8500572730857785
0.68,0.8860676657494011,0.8734113340788555
0.7000000000000001,0.9145174209878277,0.9296723668916116
0.72,1.0136148697531044,1.0569037011285192
0.74,1.2493749470159152,1.2852539572213668
0.76,1.6581862513213663,1.696972399542358
0.78,2.092517815224211,2.104557829652338
0.8,2.4846544918218822,2.4899035351019254
0.8200000000000001,2.660469156326637,2.7152724785650313
0.84,2.5743308295217404,2.6294297934663002
0.86,2.200037482137344,2.2285320437850915
0.88,1.6271294251719182,1.5946247340226007
0.9,0.9632369719560412,0.9227321279570967
0.92,0.3004945031832641,0.2951292066479122
0.9400000000000001,-0.14117525412270507,-0.08259453961839827
0.96,-0.2776888651203644,-0.25690647136238653
0.98,-0.15566026111218564,-0.17185951051011464
1.0,0.05663000069212628,0.05096171959163378
1.02,0.29556210725013976,0.31815006512340877
1.04,0.47128837745928215,0.493188036088336
1.06,0.5079132098893046,0.46155514844244383
1.08,0.30249146966363566,0.2791441604597622
1.1,0.031274820060580195,-0.008234858940998024
1.12,-0.3080764691746113,-0.3000448248059712
1.1400000000000001,-0.48624627201297743,-0.46236214597684794
1.16,-0.49825372510893357,-0.4650228104333211
1.18,-0.2972363190198143,-0.2977278747755855
1.2,-0.0035425869012562783,-0.017978603349464495
1.22,0.25475402522720436,0.26869551911007206
1.24,0.4866237415467601,0.4827418280404438
1.26,0.4773704811825847,0.4563657073504806
1.28,0.3199973531227347,0.26103042669046705
1.3,0.026887257737608403,-0.028682383302352756
1.32,-0.3282601017643001,-0.3129790509321831
1.34,-0.4943781388904319,-0.44755535892893517
1.36,-0.45522150851572657,-0.46066682575105955
1.3800000000000001,-0.2747605999311849,-0.2883350514961093
1.4000000000000001,-0.007411589393747049,0.018711977657458866
1.42,0.2997571299746596,0.28305225240325055
1.44,0.45565891568354633,0.4643648792262152
1.46,0.4714530992845243,0.4575960841067866
1.48,0.31869544829972385,0.26268131619202223
1.5,-0.009300738941545357,-0.024150370802561768
1.52,-0.271304128146775,-0.2901571451259222
1.54,-0.47758619687615506,-0.45521794107414465
1.56,-0.5026649846392411,-0.47589305811811494
1.58,-0.28791725850005806,-0.2876821519188516
1.6,0.03233221315607234,-0.0299122002485555
1.62,0.28733545208826894,0.27612147730372333
1.6400000000000001,0.466022175770602,0.455920445069247
1.6600000000000001,0.4499547911111595,0.48020558202772207
1.68,0.3027610138114032,0.2687222859912672
1.7,0.0033251605581043997,-0.0009662806737755183
1.72,-0.28515851544051973,-0.2941770529338834
1.74,-0.44666631246680866,-0.4875284111930473
1.76,-0.46287385618754495,-0.4842608255132201
1.78,-0.3130529444045411,-0.2515391764618193
1.8,-0.039518222193806976,0.015601004414905258
1.82,0.2740154310280841,0.29875150989803334
1.84,0.4457131086007575,0.4808859401260659
1.86,0.45639635828709635,0.4866743667705941
1.8800000000000001,0.2746523102605687,0.3139638318097941
1.9000000000000001,-0.02820192443968446,-0.01979700531189443
1.92,-0.29080928245820914,-0.2842261392218525
1.94,-0.4748458065808828,-0.513907923686162
1.96,-0.5138250550491787,-0.4565104700479169
1.98,-0.2673732540662518,-0.3194207762580154
2.0,0.0022967512208695775,0.01845154085764152
2.02,0.32124376557210355,0.2934380136577682
2.04,0.4631403662337322,0.46512948557480416
2.06,0.44596996395259403,0.4648488548058435
2.08,0.3084973473228048,0.28558466783998365
2.1,-0.0032998999739171516,-0.0021946607822296844
2.12,-0.31894451075968505,-0.28109944833892264
2.14,-0.4732674573141282,-0.4855975946154059
2.16,-0.4839819972991794,-0.49171316505012896
2.18,-0.30689429384069095,-0.2932988272293423
2.2,0.013668362760229225,0.038215837497190513
2.22,0.30570051974893675,0.3191074812657158
2.24,0.5187398641791506,0.4541413360354523
2.2600000000000002,0.47150073302067064,0.443875555274861
2.2800000000000002,0.25247781259710644,0.28660821115762225
2.3000000000000003,0.030751800331668275,0.011580927621967628
2.32,-0.2905519461681894,-0.28470651288899534
2.34,-0.47109749766381237,-0.46689863837273116
2.36,-0.4884970102159801,-0.4679708367562314
2.38,-0.27177363256743026,-0.3059691921138725
2.4,-0.002732839128515329,0.016370169924245396
2.42,0.2815874832692625,0.255894144107249
2.44,0.4719871241978561,0.45718006975097203
2.46,0.4715396521426767,0.4758765717646454
2.48,0.2914870249340821,0.3090440590447027
2.5,0.0291252631334164,0.021099345198458182
2.52,-0.29083129470225155,-0.3061810800464664
2.54,-0.45873397622225975,-0.4778557926213856
2.56,-0.4658360847485342,-0.45282623471858896
2.58,-0.2721002086128647,-0.2845058432419461
2.6,-0.004182914835586124,0.02431103943969595
2.62,0.30940555067852565,0.3316933436169203
2.64,0.45543333800301994,0.46982982278280294
2.66,0.48124409576224847,0.4795034210887591
2.68,0.26524884677665755,0.2864099119796571
2.7,0.026072614297614816,0.013251923444236197
2.72,-0.2901631439518101,-0.2887834085652579
2.74,-0.4798922238150793,-0.4988993540059656
2.7600000000000002,-0.5039237639234999,-0.4900117547985403
2.7800000000000002,-0.274413165620804,-0.2906006776263982
2.8000000000000003,-0.0031795458782491234,-0.006552646584039556
2.82,0.2969345053393201,0.28279184772635574
2.84,0.49082060459226445,0.4646784110047748
2.86,0.45040117004495345,0.4598719444148732
2.88,0.31752059620360884,0.2798615183374715
2.9,0.031260586883716676,0.0065999909251155215
2.92,-0.2884513306914331,-0.30035378409834845
2.94,-0.46012288629884324,-0.46026247058186515
2.96,-0.4636243562987827,-0.4646059321515409
2.98,-0.29250903920663235,-0.29531966373634144
3.0,0.002996929948765943,0.002247496707761479
3.02,0.28046756205137957,0.28297215236954615
3.04,0.47258728727986726,0.4675526853432469
3.06,0.4415102465231056,0.49512048404871495
3.08,0.2609565464812209,0.3055786824968223
3.1,-0.014175115470471854,-0.008567840753618269
3.12,-0.29176532621362444,-0.29371673120060116
3.14,-0.47982407983498815,-0.49998779232971224
3.16,-0.4658868835149225,-0.4571150008508693
3.18,-0.29406147042854885,-0.28800674745860433
3.2,-0.026715193592887366,0.0036450010431423427
3.22,0.29276687085257264,0.3352489113475994
3.24,0.5109826202898554,0.46265352059506876
3.2600000000000002,0.4855488176211061,0.44075723770036146
3.2800000000000002,0.2566300078593806,0.3117687793215452
3.3000000000000003,-0.005834005273043489,-0.01756548341988021
3.3200000000000003,-0.3248604680698068,-0.28650746467741917
3.34,-0.4677731725854316,-0.4567065814757203
3.36,-0.4607830251178203,-0.43207647288474377
3.38,-0.27925609731389694,-0.32362189678466113
3.4,-0.004598328589270913,0.010470671226116213
3.42,0.2805204052998773,0.30795481879751013
3.44,0.4949696966028533,0.44773838792127785
3.46,0.4718020803675852,0.5097170395086744
3.48,0.28931616067096466,0.2777230419188649
3.5,-0.0011930089308845552,0.011625783299163335
3.52,-0.32064822113786057,-0.3098273368906633
3.54,-0.4907318787166127,-0.47414682849669876
3.56,-0.4716500559965052,-0.47545747447960174
3.58,-0.34014999601409934,-0.2796793117418885
3.6,0.026853936390291436,-0.01760426825929885
3.62,0.2792618218742993,0.26509685377755776
3.64,0.4739596457573276,0.5160148029600589
3.66,0.4577485255727986,0.48953061960709693
3.68,0.2909305059763628,0.2758940165556047
3.7,0.01568196622633387,-0.013692622339808955
3.72,-0.2818053998484899,-0.3120321796234059
3.74,-0.4854412579590341,-0.4353175671836574
3.7600000000000002,-0.4577615088024882,-0.4654249226258488
3.7800000000000002,-0.2937708585649191,-0.28697390572883624
3.8000000000000003,0.019843409005711132,0.013971103065248852
3.8200000000000003,0.2498423928628336,0.2794598535063486
3.84,0.48902538350555774,0.4777509330609213
3.86,0.44656307655134736,0.4434414920965584
3.88,0.2634132725616794,0.25563581938972973
3.9,-0.019029637470569377,-0.037481488712033856
3.92,-0.2812333891892507,-0.29967188127845695
3.94,-0.4893247706497819,-0.4303837192454931
3.96,-0.47717066826434956,-0.47803902080466004
3.98,-0.2524232679075433,-0.2935728948527262
4.0,-0.008478303506745576,0.014704657737849429
4.0200000000000005,0.3194978728833164,0.27615421570857857
4.04,0.458637450399496,0.4818026141960837
4.0600000000000005,0.49605207361992804,0.47613250207367297
4.08,0.2934429930265347,0.3153267430578974
4.1,-0.007030713200403349,-0.008115636112215734
4.12,-0.29893053289798044,-0.3085816858416682
4.14,-0.4940571015813939,-0.4868499547537952
4.16,-0.472356344540647,-0.48258853479162434
4.18,-0.28733789505241325,-0.3008399896555572
4.2,0.00014199030176020294,0.024172425225089018
4.22,0.2864113009628503,0.29837575694013874
4.24,0.48565551699087967,0.46859691098285183
4.26,0.4845894205591494,0.45456433482985276
4.28,0.2954238748059102,0.2951580788259803
4.3,-0.015021383841937535,-0.002373760944242024
4.32,-0.26804811722910765,-0.27593689676245886
4.34,-0.46699663089725,-0.48206774442121825
4.36,-0.47778264249095354,-0.5089586930411252
4.38,-0.2901184823576978,-0.3299114691302049
4.4,0.02643323556483174,0.017634837139870067
4.42,0.31096523486349903,0.30735550888442104
4.44,0.48383850001681106,0.5045085742280038
4.46,0.47071491062751114,0.47979230962967245
4.48,0.2856767916833047,0.2817712256521908
4.5,-0.011713999830483076,0.021944410244110958
4.5200000000000005,-0.30787964035655646,-0.3097968241324805
4.54,-0.4653576526626995,-0.4736739481765862
4.5600000000000005,-0.47023650900530767,-0.4983898533611366
4.58,-0.2849796076397865,-0.27428730624919373
4.6000000000000005,0.006135103013975708,0.01941413865941461
4.62,0.28972884456854736,0.27139429081825933
4.64,0.4924521249061688,0.5032174522861215
4.66,0.4844773394195459,0.49026247450818805
4.68,0.3098691181854321,0.30165430523385656
4.7,-0.017622311008007978,-0.00580445542473252
4.72,-0.3302395048537277,-0.28521646391585953
4.74,-0.48781032541126623,-0.5116735793147626
4.76,-0.4774203700978849,-0.47796666219209855
4.78,-0.2996250335710796,-0.3143901656527681
4.8,-0.01008971326627002,0.0002640915659152367
4.82,0.3047423263624088,0.27442143845846834
4.84,0.4846060286426218,0.5102627933192491
4.86,0.49998878733615876,0.4735368107502623
4.88,0.28429643387736014,0.29953414130784667
4.9,0.0007774835581493493,0.03235583187662826
4.92,-0.3417518400023699,-0.24525348716754272
4.94,-0.44600132489847144,-0.4694212648593712
4.96,-0.4847181320673122,-0.5121793262688666
4.98,-0.29014308572572517,-0.29028753881333347
5.0,-0.016683395050305173,-0.014461234542206996
5.0200000000000005,0.2886739875952184,0.26377915619313247
5.04,0.476306935651194,0.48134200651680703
5.0600000000000005,0.48026222379837497,0.4633786482902114
5.08,0.26708114111147035,0.27281297468112264
5.1000000000000005,0.037669292408340195,0.0322059695270891
5.12,-0.34059859748319665,-0.282968326492698
5.14,-0.5086189858929417,-0.49148187934170806
5.16,-0.47153025621791234,-0.4827548331441385
5.18,-0.29545594057259683,-0.298796845395561
5.2,-0.007211268343710526,0.0023583787097739323
5.22,0.32794079336381216,0.3000529613612025
5.24,0.48586582187544064,0.4988069370979438
5.26,0.49445556532730006,0.500616385075984
5.28,0.2798250644291994,0.2898855785596225
5.3,-0.01668853409102198,0.0015193885784481058
5.32,-0.26814794199479375,-0.30864568315276664
5.34,-0.5164809307943863,-0.4920934348585225
5.36,-0.47172159915146317,-0.47052477139528065
5.38,-0.29658544329596026,-0.292637804046317
5.4,-0.006680941391269614,0.013384658968589425
5.42,0.28934176320708205,0.30472782358667777
5.44,0.5244753963916957,0.4624680806131921
5.46,0.46721921729084315,0.4860969853935635
5.48,0.3197194576291554,0.28115556903550376
5.5,-0.004288493705581897,0.021241491484547032
5.5200000000000005,-0.3174275083710419,-0.3020089697767628
5.54,-0.4650291437514781,-0.47108929072237943
5.5600000000000005,-0.4660019121194607,-0.47348357716678535
5.58,-0.30100500195275837,-0.2820483937256464
5.6000000000000005,0.00550006029690468,-0.01142215095842231
5.62,0.3165583738030558,0.2952302913561093
5.64,0.49312692927248003,0.46792733171839
5.66,0.5075936143831421,0.44946428040410596
5.68,0.30183268585528217,0.2841675001936618
5.7,0.0391921087383943,0.024643835028442605
5.72,-0.26847621164140734,-0.328670217067976
5.74,-0.44558639192039745,-0.5042146499187589
5.76,-0.4853572758553416,-0.48900001834440016
5.78,-0.26393780455793514,-0.3040176422798638
5.8,0.003281484429745339,-0.0022205463724717526
5.82,0.3129129244984134,0.3010087384558722
5.84,0.5047510862774061,0.5015710530885954
5.86,0.4650020859464922,0.4750723924301948
5.88,0.2870725046260958,0.27868578390715054
5.9,0.027039388496190326,0.01075317182922563
5.92,-0.27271566247552037,-0.33097579344752004
5.94,-0.45246202738817004,-0.46180256495553973
5.96,-0.46706510025976683,-0.4685314553107355
5.98,-0.32618170411856734,-0.30250066782194085
6.0,0.019108990348890995,0.007847034898073263
6.0200000000000005,0.29792153806599386,0.2766284616811301
6.04,0.46693546369744987,0.4905244484167206
6.0600000000000005,0.47061585608096634,0.497494934264712
6.08,0.25919390690847594,0.287522537591486
6.1000000000000005,-0.04772179607391876,0.02821943759941199
6.12,-0.26564204926610324,-0.2873698626651834
6.140000000000001,-0.484578653069568,-0.48074002437213426
6.16,-0.47475969611830104,-0.4488581308311502
6.18,-0.3069684124608855,-0.2957623714882154
6.2,-0.02016257641114164,0.030520902329517235
6.22,0.3223311705864385,0.2686690881832118
6.24,0.5097597841286002,0.46536040311584176
6.26,0.46657772668623665,0.4791206806901846
6.28,0.298892247533563,0.3074537585866013
6.3,0.030450530057086974,-0.010815782754383772
6.32,-0.29794501708549787,-0.2671229426566961
6.34,-0.47899689309833265,-0.4924474301579962
6.36,-0.4557091975116659,-0.4543225577726581
6.38,-0.3025720946400566,-0.3271704519131834
6.4,-0.014958831247460627,0.028378226856854916
6.42,0.30689156275642643,0.31245573743089805
6.44,0.490473011529507,0.49852631852043694
6.46,0.4989809965304406,0.4612754803680341
6.48,0.29000184773234267,0.2777126753603883
6.5,-0.02601427344625202,0.027927478824689624
6.5200000000000005,-0.28386745852539524,-0.32473931916488785
6.54,-0.4856780667456622,-0.4817159716315903
6.5600000000000005,-0.4584662472458269,-0.49024367367757576
6.58,-0.3034393556435912,-0.27978985002737444
6.6000000000000005,-0.012911884849286204,0.005270646001605767
6.62,0.32045006426282824,0.29118981130481913
6.640000000000001,0.4857782267281151,0.4815725643302577
6.66,0.4682964401748864,0.48306496054277676
6.68,0.3141537445647631,0.3031137856368468
6.7,-0.01571613322537539,0.0332311651642681
6.72,-0.2934366404059099,-0.31682387364466685
6.74,-0.48047761817231205,-0.4760217827644824
6.76,-0.47433538256495106,-0.48399464704547285
6.78,-0.30871575299603965,-0.2832880800336478
6.8,-0.013635464839091414,0.04989907502470236
6.82,0.2762926583176988,0.3024370611202162
6.84,0.4514255363132295,0.4449674024750249
6.86,0.4619988420183439,0.47131779921075645
6.88,0.28155427716605075,0.28719838089163974
6.9,-0.009502392840262153,0.008826158336859822
6.92,-0.2884906163743037,-0.2917827433038456
6.94,-0.4594867749979391,-0.4813308799958907
6.96,-0.4753027757649594,-0.46862127114581686
6.98,-0.320110816362522,-0.2798986123342926
7.0,0.05285785346812805,0.01194983475162576
7.0200000000000005,0.27413451460358385,0.2759328829226819
7.04,0.4765082217181973,0.5033730029806811
7.0600000000000005,0.4696047483393314,0.4822019550244169
7.08,0.31408152003941714,0.31195670172408346
7.1000000000000005,-0.002056776860793583,-0.009428539048447477
7.12,-0.286545680649971,-0.28744666181516865
7.140000000000001,-0.4811909826802482,-0.4868517002186042
7.16,-0.4634259565855565,-0.5002065559224944
7.18,-0.28862652990685234,-0.31213645775370186
7.2,0.0007361455250317556,0.006673420292595831
7.22,0.3019939189829135,0.28361419024514195
7.24,0.4633241039121618,0.47365990877315206
7.26,0.4291130149024631,0.459623931749927
7.28,0.31584732179373043,0.2668465795038912
7.3,0.029439316075491325,-0.006848407658226356
7.32,-0.3208309613528439,-0.2781069834067747
7.34,-0.4947768625723886,-0.5026160143915833
7.36,-0.4735726343986793,-0.4742603095763604
7.38,-0.2904349006820114,-0.31634477240302755
7.4,0.015062013041570583,-0.0066684278952396
7.42,0.31367648366389705,0.2959483019909995
7.44,0.4905239487998394,0.4705316651432099
7.46,0.5145844835347338,0.44830266324956713
7.48,0.3007450450281241,0.26881755096937243
7.5,-0.00404464317846612,0.01385384268800023
7.5200000000000005,-0.3065469908483003,-0.25401335599585806
7.54,-0.44751690142621336,-0.508191945168759
7.5600000000000005,-0.43840549598283024,-0.4438351824959397
7.58,-0.3038880816066291,-0.3144869099098943
7.6000000000000005,-0.006044652304702939,-0.00971710287819208
7.62,0.29892449382942715,0.3080651982082591
7.640000000000001,0.43064762188945654,0.49147885560229576
7.66,0.49571490695042736,0.4680520944874577
7.68,0.2926017298081273,0.28533721526527206
7.7,0.015993294563359236,0.02071536265186991
7.72,-0.28874021871678146,-0.25683462998088735
7.74,-0.45584892002211375,-0.478609395834504
7.76,-0.5048284634264874,-0.4939811422837135
7.78,-0.27700611239345957,-0.2948012686477174
7.8,0.039579473867913106,-0.0016000943180860532
7.82,0.265880732895257,0.27989058488191637
7.84,0.4644955066767874,0.47871501510094594
7.86,0.5002862930317616,0.4783640391774951
7.88,0.26316510757899986,0.2766280730861703
7.9,0.011953253526150905,0.006643460231500517
7.92,-0.2946064960572993,-0.2742419685935021
7.94,-0.48836955201614196,-0.473514113925127
7.96,-0.4767305613475567,-0.44309474708754565
7.98,-0.27648457631725953,-0.27499308384178556
8.0,-0.009755281676997048,-0.0007720067335594684
8.02,0.29450934855666017,0.27842483730281276
8.040000000000001,0.521539838154418,0.4791723395678209
8.06,0.47414891141508586,0.5200282661499207
8.08,0.27095093412404087,0.2887596770072471
8.1,-0.040314793170178845,-0.002551971335164588
8.120000000000001,-0.28939601684167493,-0.31368266176094145
8.14,-0.4444376747313437,-0.4758852236218021
8.16,-0.48244986075211294,-0.486883658374516
8.18,-0.3040607781883945,-0.29758082791078944
8.2,0.0036260782780417377,0.008218729340477446
8.22,0.25685675478938635,0.27906793816232683
8.24,0.5208636658973643,0.466672175555212
8.26,0.4412938671493506,0.4527672529219073
8.28,0.2848375402262597,0.29205045577306743
8.3,-0.0016501837189233845,-0.006037092655635758
8.32,-0.30340839607105435,-0.3140337257340217
8.34,-0.4710701698564413,-0.46692519994736353
8.36,-0.4527737128765392,-0.46035095016862837
8.38,-0.2808656286718498,-0.30433921991124885
8.4,0.016585396534912266,-0.014338239004315089
8.42,0.2971054662145853,0.26620307230560264
8.44,0.45836565750724534,0.4782191002257596
8.46,0.46763692654647615,0.48330200198891576
8.48,0.31384087831368185,0.3021567785532867
8.5,0.015435543650353623,0.004773873042130196
8.52,-0.30769599733001957,-0.31698313385667776
8.540000000000001,-0.45444293895431076,-0.4737368144983908
8.56,-0.4488168812396465,-0.4779174444662388
8.58,-0.2728777315994838,-0.28304709374697395
8.6,-0.010322301481370385,0.00026795895464994227
8.620000000000001,0.31667376358042615,0.2787630223211545
8.64,0.49897558454450197,0.48705609856930654
8.66,0.48916712256389316,0.495049660520134
8.68,0.29502362216316885,0.3131119263497487
8.700000000000001,0.023299590924432484,0.022058582864965304
8.72,-0.25889831832702,-0.299833540369071
8.74,-0.46640563170919125,-0.47753906155269793
8.76,-0.47914054864092365,-0.48416151434195714
8.78,-0.25186636039927496,-0.2908748052721809
8.8,-0.01348943620429792,0.039317677167969946
8.82,0.29270668833357977,0.2865277576131472
8.84,0.4589731778992163,0.4708475705754815
8.86,0.45236033485090993,0.47392415469273547
8.88,0.2535881357555561,0.2908059890208332
8.9,-0.01941538247509362,-0.01319472291200611
8.92,-0.29198026920251013,-0.28274405518814405
8.94,-0.46414955738584673,-0.4596079030913711
8.96,-0.4472370988641726,-0.48810358358087824
8.98,-0.2624190187401608,-0.3377617441861065
9.0,0.056832455169409136,-0.0399723586253501
9.02,0.26071732840780854,0.3098050860724647
9.040000000000001,0.4684406685517679,0.45533890142087013
9.06,0.5026209406380363,0.5055670392701277
9.08,0.27857264382466657,0.3259026423043808
9.1,-0.007876888610771623,0.007195224167326308
9.120000000000001,-0.2942560772019804,-0.2738329510508773
9.14,-0.4903636252911738,-0.43361748060714445
9.16,-0.4987622924390406,-0.46454372075359507
9.18,-0.31308324963791195,-0.31082368351774453
9.200000000000001,0.012841296586666374,-0.0012825751288086458
9.22,0.2881719895560808,0.23763052219847342
9.24,0.45777937085031273,0.4469684263786825
9.26,0.49056768386975985,0.42937614175600813
9.28,0.25674712186700277,0.32957013242200156
9.3,0.022478797327658732,-0.007442796048898926
9.32,-0.3139873805675087,-0.26686577929782246
9.34,-0.4510794486546976,-0.47929094588396115
9.36,-0.4799517879668433,-0.46360281001365145
9.38,-0.2802035759358805,-0.2677428795993568
9.4,0.020514493912702075,-0.004396062846056405
9.42,0.2733866752984801,0.2778306169071308
9.44,0.4470426718955207,0.49306897547325623
9.46,0.5024675538606668,0.4881470507999861
9.48,0.2776270331896909,0.2929689931308461
9.5,-0.025606466645936233,-0.00811328192590361
9.52,-0.2913344512718537,-0.27611449416354295
9.540000000000001,-0.47650993690883814,-0.4759080050933172
9.56,-0.4683505856463662,-0.4876178121232685
9.58,-0.29518417726231394,-0.29831409165504125
9.6,-0.027117864009312095,-0.02873091796468714
9.620000000000001,0.266467193261777,0.3201914691528373
9.64,0.49004708744344894,0.4572236309033858
9.66,0.4776997323896293,0.5036398046234811
9.68,0.2576327189884662,0.32107077275856605
9.700000000000001,-0.012040898755972772,0.012155695265301966
9.72,-0.28058104743708795,-0.27828289471724243
9.74,-0.5101134467823623,-0.46727007915618834
9.76,-0.47020020312924893,-0.49501837103079144
9.78,-0.2841529917016913,-0.2994377725759655
9.8,-0.009919462746156023,0.000611277315201606
9.82,0.27403540906037266,0.2839426461500473
9.84,0.482756113161475,0.48585371407974404
9.86,0.47055679184050825,0.46130940371832035
9.88,0.29576296811589825,0.2923472633837651
9.9,-0.02430544526847699,-0.0004894294930289483
9.92,-0.3174259002096914,-0.320073581552237
9.94,-0.4562699646491945,-0.46551970792059144
9.96,-0.4611175685749839,-0.49148446167088317
9.98,-0.27249692197056125,-0.2841795295025726
