Time (µs),CH1_Voltage (mV),CH2_Voltage (mV)
0.0,-0.019722294124861584,-0.01591043359097907
0.02,0.3566827679762247,0.28099344737298065
0.04,0.48379962075087424,0.4781645908014374
0.06,0.46330091353747205,0.4684808828327251
0.08,0.3090784145544832,0.30434927597713696
0.1,0.023938314334290677,-0.01464904921415384
0.12,-0.26547554161402276,-0.3179425683492617
0.14,-0.48514812772669746,-0.46276451028207205
0.16,-0.47396225985600693,-0.4576212623024057
0.18,-0.2896424180888825,-0.29946941170614055
0.2,0.009087341384800489,0.02326862971915529
0.22,0.2691764734510272,0.27189554133529026
0.24,0.46672771343251623,0.46823515605441535
0.26,0.45547628492922543,0.4758933904042525
0.28,0.3190311596479753,0.3361240233364917
0.3,-0.005574248399538325,-0.002934497585583075
0.32,-0.32012071024610983,-0.28898391442901367
0.34,-0.4653291839414946,-0.46403926675534357
0.36,-0.48303324492385824,-0.45967369903275024
0.38,-0.30507294472617413,-0.3062302092859198
0.4,-0.009859870873642818,0.012559063251621014
0.42,0.3206531884953326,0.28862752232382904
0.44,0.47597935013629483,0.48471046371100285
0.46,0.45492176132881373,0.45328083467295366
0.48,0.30790212514020876,0.32243578431704967
0.5,0.023040938776853308,-0.038500502492840705
0.52,-0.3133551105521175,-0.29634846615842503
0.54,-0.4603255369680432,-0.48135002070914407
0.56,-0.4826149807632532,-0.4784958037959085
0.58,-0.30992918788112866,-0.31527770616846496
0.6,0.06373301486057702,0.028355160527459483
0.62,0.3271285864197402,0.3368456598426269
0.64,0.5885311029767714,0.5829048928019124
0.66,0.6889012677685077,0.7135131300497984
0.68,0.6765986162654525,0.6424337084534903
0.7000000000000001,0.540884817458991,0.5147651502315889
0.72,0.5034642452303449,0.5178614478437154
0.74,0.5568575639513536,0.5995599707232953
0.76,0.8261730187265457,0.8017958731713488
0.78,1.1950063174097942,1.1427803365433646
0.8,1.516414678846902,1.4716223776074038
0.8200000000000001,1.7516073552186069,1.7577557266766284
0.84,1.7743608425135418,1.7866207130341814
0.86,1.5267634239130339,1.5106992757902822
0.88,1.1054586807392517,1.1119268598664156
0.9,0.5368335726386672,0.5572842479348534
0.92,0.061384924553227256,0.06681355648771138
0.9400000000000001,-0.2527823126968125,-0.26551449158582224
0.96,-0.34784668801026847,-0.34112447991291694
0.98,-0.25350766533950064,-0.22333223804907043
1.0,0.057877363598058,0.013257461185965809
1.02,0.32425213947191567,0.29377754643854276
1.04,0.5006978749565179,0.4893999485676713
1.06,0.47727868322508343,0.482587762714648
1.08,0.30581403085304715,0.30289202607463084
1.1,0.012844669993245553,0.016373796564743658
1.12,-0.28194778774924956,-0.2611257348072787
1.1400000000000001,-0.4617570916610867,-0.4826037400041652
1.16,-0.47989630300800395,-0.4667041598784902
1.18,-0.2813045363624241,-0.2984420479712198
1.2,-0.011554357728454227,-0.000578432864288588
1.22,0.3170295870401434,0.28546414716412105
1.24,0.4657140550819265,0.46496153450803807
1.26,0.47099780974586897,0.4898580943288824
1.28,0.2806887784715752,0.27434417249397686
1.3,0.04943163703473552,0.005854558528547282
1.32,-0.3033630124522206,-0.27595933384334226
1.34,-0.49878915307376953,-0.4366972807533427
1.36,-0.4617304663702913,-0.44928046044127196
1.3800000000000001,-0.29867714807373935,-0.32588960654705545
1.4000000000000001,0.0012241244855336168,0.001536623100296043
1.42,0.27541643110859715,0.25727805194738673
1.44,0.45090994737516793,0.4718380859589533
1.46,0.4311214304457396,0.46047579986118753
1.48,0.2944742168215448,0.300524095727265
1.5,0.01089856138146888,-0.02328352534219488
1.52,-0.30102877657016336,-0.26302093541915617
1.54,-0.4949594133944586,-0.45704684800733075
1.56,-0.48166977388630794,-0.48826007510977604
1.58,-0.2693663938171193,-0.2807797275252853
1.6,-0.022678580130779738,0.023498717748390505
1.62,0.29653382921466964,0.3057279869308565
1.6400000000000001,0.46816423540029795,0.4838279128816989
1.6600000000000001,0.49069621616534054,0.4711977051500517
1.68,0.30465871495460844,0.29131244909877857
1.7,0.007010304052631555,-0.0040305695043637325
1.72,-0.27162530923794537,-0.32001575370220203
1.74,-0.5043739689530969,-0.47270788712451844
1.76,-0.4654552155772168,-0.5052975472266978
1.78,-0.28385983334314435,-0.29996824209180256
1.8,-0.002988568811711901,0.012007025960532032
1.82,0.27710861241197066,0.2911369243895638
1.84,0.46700105319883006,0.4823956115322348
1.86,0.5091619947236996,0.49036364627427276
1.8800000000000001,0.26847524390684735,0.3098633550510227
1.9000000000000001,0.01892963885796038,-0.02814442624193831
1.92,-0.29094668169929816,-0.32663959868685355
1.94,-0.482143010578074,-0.4608059234062033
1.96,-0.440782528335148,-0.4644081424677305
1.98,-0.2809797292822362,-0.309019803054002
2.0,-0.045886257238618076,-0.02560123795796957
2.02,0.2884787581412461,0.3182773047278295
2.04,0.45697363539044195,0.5160335259891287
2.06,0.4836446400550942,0.500806396544328
2.08,0.3090971618785262,0.31479090347717137
2.1,0.023281329676266234,-0.01005922150602139
2.12,-0.27836750628998475,-0.2928574644698991
2.14,-0.46241160995382957,-0.4785410444323498
2.16,-0.4558169966832857,-0.49976664393903214
2.18,-0.3111721574957907,-0.2905668726995972
2.2,0.023480926223406934,-0.005720234393650649
2.22,0.3013756671724807,0.26794376845266954
2.24,0.46180948937035937,0.4979577639080908
2.2600000000000002,0.49313252962428505,0.4906183895916295
2.2800000000000002,0.3001690050555256,0.2857557019194781
2.3000000000000003,0.017251265411967625,-0.007828077596500765
2.32,-0.29514593306072684,-0.3042912400450961
2.34,-0.46779141930623147,-0.46891186396313794
2.36,-0.46602684206884887,-0.4797396535257191
2.38,-0.2589281263628539,-0.310313681215416
2.4,-0.0035839867967574694,-0.022320217372086042
2.42,0.3004904541693757,0.27541313888095775
2.44,0.48184348851191405,0.4810157250087529
2.46,0.4922595114582771,0.4787651676373943
2.48,0.2920454528562678,0.29267444206148374
2.5,0.006483596729150975,0.017248805491269514
2.52,-0.2882313471793509,-0.305455471458252
2.54,-0.4401933542833099,-0.46875679165560336
2.56,-0.4583852316707689,-0.485081993580945
2.58,-0.3160905773929845,-0.27644080004703375
2.6,0.02370261527399238,-0.0045299452675487805
2.62,0.301434251640849,0.26552610053320896
2.64,0.4741329290037163,0.4621178212178426
2.66,0.4868413738453615,0.44716571181292164
2.68,0.2644829892429321,0.30848222689401583
2.7,0.0022573828588967715,0.0019148034317539543
2.72,-0.30572888015168886,-0.2864971688236923
2.74,-0.45623941946875635,-0.4719566125447525
2.7600000000000002,-0.4521889038563971,-0.48062721491317917
2.7800000000000002,-0.3270266741822222,-0.30237534654851217
2.8000000000000003,0.004048185159757434,0.038948955184585736
2.82,0.2996838039942949,0.300916124785793
2.84,0.4452776230156799,0.44842122679926427
2.86,0.4552415604643104,0.4614708600083349
2.88,0.2824066634608703,0.31198461889658713
2.9,0.006561015069656397,-0.003675828825295393
2.92,-0.28863884794061884,-0.2819537688889448
2.94,-0.4486052430716334,-0.4803369299305057
2.96,-0.46209801940863193,-0.482717653101358
2.98,-0.303068377702106,-0.3311395876499003
3.0,-0.007209599719847162,-0.006770786114884412
3.02,0.2716009809385205,0.33239877596952205
3.04,0.5041278425185456,0.47503075084265906
3.06,0.4692740029705364,0.4903042108759745
3.08,0.2730745272906858,0.29161924270915096
3.1,-0.0033869014991010685,0.007177091150373618
3.12,-0.3091856456596208,-0.3084569714150079
3.14,-0.48012111669334506,-0.48755020669039034
3.16,-0.44037843178607555,-0.4683351865979376
3.18,-0.24832804926133573,-0.28576028265636544
3.2,0.002792652473333053,0.016868647941972556
3.22,0.30257016017777844,0.2884189404730625
3.24,0.49475476468998636,0.4568728520388611
3.2600000000000002,0.46414074093726987,0.4673434517196156
3.2800000000000002,0.2585230734400579,0.297638462234544
3.3000000000000003,0.03107917252806915,0.010221934945179478
3.3200000000000003,-0.29508157205965646,-0.2814531356543135
3.34,-0.4935759410564804,-0.46431106222308394
3.36,-0.4539601028711668,-0.47083308332929064
3.38,-0.29072030954555006,-0.2797310765037537
3.4,-0.00909226155687117,0.03202598622365689
3.42,0.29147815222218904,0.30939609568490617
3.44,0.48902539190129046,0.4646207113048093
3.46,0.5052935957048582,0.5129131609141176
3.48,0.331994027069548,0.2654015722717091
3.5,0.011088667116181849,-0.0023371568645244125
3.52,-0.3166608571499559,-0.27261031223864396
3.54,-0.4631752388045059,-0.5172733408770015
3.56,-0.47186843725732497,-0.4769380935095936
3.58,-0.29516988866707833,-0.28829699106770307
3.6,0.011043776094130504,0.054202377954262554
3.62,0.280849043894217,0.3280662794263414
3.64,0.48752682864240376,0.4943666596118811
3.66,0.42108089785541836,0.4885472605386662
3.68,0.2653462241159623,0.29963494813062697
3.7,-0.0285839995856625,-0.01465164179795698
3.72,-0.32667121530233245,-0.3150382376393448
3.74,-0.4872921456069788,-0.4653948594969586
3.7600000000000002,-0.4588532078404618,-0.4855797799081941
3.7800000000000002,-0.2952497609650238,-0.2993796910778286
3.8000000000000003,0.0028432642370606162,-0.005973039382279868
3.8200000000000003,0.3005623383580724,0.31701605173459685
3.84,0.4907815973707512,0.4567322062334902
3.86,0.4744971047054377,0.46349935357234534
3.88,0.30379342907848067,0.2763209950530155
3.9,-0.03537478848394076,0.0014533803215454435
3.92,-0.2925816614045875,-0.3001407857572376
3.94,-0.4771927461462962,-0.4342573856247586
3.96,-0.47808462132414953,-0.4249061888361025
3.98,-0.31377101056441964,-0.27738422965131254
4.0,-0.009042691424476822,-0.020734274115221763
4.0200000000000005,0.29245806612207137,0.2744176153333213
4.04,0.49766476651481795,0.45394416410715205
4.0600000000000005,0.47488755092762513,0.4736864387662646
4.08,0.2876532031365962,0.2482510882363032
4.1,0.036091909632295166,0.00292264569630246
4.12,-0.2794882496745911,-0.2992456563729408
4.14,-0.479748210565723,-0.44668457683732726
4.16,-0.4985496750673677,-0.5009568719630941
4.18,-0.2951709856017282,-0.32984507259804147
4.2,0.002238089223098218,-0.02415191914886209
4.22,0.2912926826519836,0.2375157523150188
4.24,0.47886202530520106,0.49335725527532964
4.26,0.49209312630705276,0.4960118377673306
4.28,0.31547297670126856,0.26810576673990566
4.3,0.003030830857262556,-0.007326322301182026
4.32,-0.28860425354654107,-0.3086140243722463
4.34,-0.4669337716681768,-0.49135300341586874
4.36,-0.4627466421921379,-0.4479331537335294
4.38,-0.31439010041051024,-0.270597099596381
4.4,0.007125673529739798,0.0049287347945907245
4.42,0.2775824342181707,0.33098311017646503
4.44,0.49579839320212044,0.4270826743442179
4.46,0.4790153055106902,0.4684725345376073
4.48,0.28673352021829,0.2914824028142282
4.5,0.03495128321942799,0.008453170760901258
4.5200000000000005,-0.32437213529817516,-0.30440806880952304
4.54,-0.5015425309525632,-0.5051262697344034
4.5600000000000005,-0.44485965248460385,-0.49634548696769853
4.58,-0.2938619684529087,-0.24679794556978735
4.6000000000000005,0.0005594266156746831,-0.019820954957245472
4.62,0.2932323618915306,0.2792281789404117
4.64,0.495797346019865,0.4557542677951969
4.66,0.5025023818646092,0.4833366943194573
4.68,0.3217976382049475,0.29653033813266855
4.7,0.011612760871419778,-0.015180978586944855
4.72,-0.29420788279305843,-0.3050493397188724
4.74,-0.4454374701456416,-0.48479170196650656
4.76,-0.4947182683767634,-0.48651586057068225
4.78,-0.2960473765619802,-0.302748280218459
4.8,-0.016104497087272098,-0.007885994607073009
4.82,0.29577565910232684,0.3108210910880983
4.84,0.469070918390476,0.48017467634255234
4.86,0.4784535916273463,0.5117448390971384
4.88,0.29514448274435096,0.31443098261195795
4.9,0.05634650904342998,-0.00035939363901627843
4.92,-0.24492634672263508,-0.2742662235555316
4.94,-0.5003196045491951,-0.46824714578577475
4.96,-0.466653640568223,-0.4492350561690095
4.98,-0.30666122775825166,-0.28876200533970453
5.0,-0.008539617843230792,0.006708798940048237
5.0200000000000005,0.28878532396832507,0.3252762704873341
5.04,0.4662562039767349,0.4629829857913076
5.0600000000000005,0.4641685359604775,0.492711910618507
5.08,0.3012578568899111,0.30584365917879097
5.1000000000000005,0.008273075409465378,0.007130647770683605
5.12,-0.26875359403602256,-0.2714822134506723
5.14,-0.4934313538863169,-0.4670548609005697
5.16,-0.44957619164780466,-0.48439215660311274
5.18,-0.25820222282227817,-0.2653914926788084
5.2,0.010977914794336751,-0.02855634325938933
5.22,0.27995513721317256,0.3280047901841022
5.24,0.47950294509544483,0.4709573806111136
5.26,0.4947545137595436,0.4884085659401422
5.28,0.26719149865300573,0.269324462303535
5.3,-0.013852271316834041,-0.027307897180142513
5.32,-0.2640939628525432,-0.2859685139165538
5.34,-0.5068378911215691,-0.48683684468678323
5.36,-0.47827183075674695,-0.5117691241974351
5.38,-0.2881707623331571,-0.2983363953212082
5.4,0.03317004812491378,0.006056492194254788
5.42,0.2877329144868738,0.30913228338793375
5.44,0.5030305635752538,0.46284804534428586
5.46,0.48754787824858975,0.4689451853754954
5.48,0.27014065714756424,0.28575663750275515
5.5,-0.027687658885191556,-0.001093459582930991
5.5200000000000005,-0.30757902139597937,-0.29253721263979476
5.54,-0.48878834155497475,-0.5292610542829556
5.5600000000000005,-0.4683885593609853,-0.4340724140398415
5.58,-0.3074165872675384,-0.3090754918973231
5.6000000000000005,0.0052677047714738846,0.043514009762968195
5.62,0.33332153645757556,0.2638254008351824
5.64,0.46331763652406294,0.5107221216538083
5.66,0.44475933308343757,0.4565155776951271
5.68,0.2914753703285396,0.27623836571787624
5.7,-0.007533385471993132,-0.011879301922312204
5.72,-0.3152820162470352,-0.2861377561637525
5.74,-0.4751259397433693,-0.4736662465345256
5.76,-0.4580971661867065,-0.4916616154839213
5.78,-0.3364047850222391,-0.2814793919363361
5.8,0.02023292582155959,0.022433480266075147
5.82,0.2869127518501508,0.30281856733252815
5.84,0.5116668604248338,0.4666645633600654
5.86,0.46906595708572046,0.4754908698937317
5.88,0.29372168919117975,0.29999591624385297
5.9,-0.005862469298517521,0.013638212910056293
5.92,-0.28515770773924637,-0.32289667993237553
5.94,-0.504102828757176,-0.46507488251913315
5.96,-0.46868110672959357,-0.46331217536143265
5.98,-0.29215857057995964,-0.31857125420412963
6.0,0.007124949088906162,-0.006118364426968709
6.0200000000000005,0.2922954058233374,0.2927493666754354
6.04,0.5054010233512741,0.46993851269266046
6.0600000000000005,0.45539514590024815,0.47717472076809914
6.08,0.3068082312183654,0.30868608090048877
6.1000000000000005,0.006428394919062381,0.028302122728481423
6.12,-0.26830988934638383,-0.33877450723985375
6.140000000000001,-0.46850974776484766,-0.4919384564588062
6.16,-0.45574518833772487,-0.47291693741915836
6.18,-0.289474844800324,-0.30912531009110517
6.2,-0.023626878287882846,0.011429769250287271
6.22,0.2674435256878789,0.31717689256277476
6.24,0.47365755143163196,0.47035745513564925
6.26,0.49792568152638356,0.47093489613119155
6.28,0.27940529726621016,0.30180923789563796
6.3,-0.02790060278808214,0.004016513899701474
6.32,-0.28197084416686047,-0.30708407564091156
6.34,-0.43597218075856786,-0.48868546263500784
6.36,-0.4561649954711759,-0.4940431720607839
6.38,-0.2945689857259896,-0.32341266846429795
6.4,0.0017125950987156523,0.02316616602319174
6.42,0.2894953479754569,0.24256143935102709
6.44,0.4464395931200225,0.4667506174229756
6.46,0.4412307729278608,0.5014507251770509
6.48,0.2981205533123493,0.2638010192216608
6.5,-0.0013085595473709302,-0.0003105908483185154
6.5200000000000005,-0.30138981400357756,-0.29911097016539323
6.54,-0.44707985242385484,-0.4574993180263525
6.5600000000000005,-0.44058042526993824,-0.4359671370548682
6.58,-0.2978902070532428,-0.2860885242073
6.6000000000000005,0.013498690543454985,-0.017751320072479104
6.62,0.32584205135440675,0.29257090111767964
6.640000000000001,0.5109497296053431,0.47555775557891716
6.66,0.44356554080209704,0.49362798476735326
6.68,0.3243792352907449,0.3003978586395302
6.7,-0.023072869554403675,0.02090974543334344
6.72,-0.2912378123202179,-0.3101581373365935
6.74,-0.46202648140232927,-0.47624358235899794
6.76,-0.4395675542364404,-0.47825960826125247
6.78,-0.2929054369962467,-0.2893153190689091
6.8,-0.021138414094514994,-0.014768867934848154
6.82,0.3130519735785961,0.29005156750025674
6.84,0.49345777031781224,0.46384892343635503
6.86,0.47561506271215637,0.4767232464527926
6.88,0.293516564106588,0.3246481208088197
6.9,0.03782795320383131,0.03738620925694681
6.92,-0.2877815366568927,-0.273741666731142
6.94,-0.4488801872624925,-0.4729642247392194
6.96,-0.4454608741742004,-0.4718961279938267
6.98,-0.30176629093119134,-0.2765042497457363
7.0,0.0013908442210111963,-0.009395343826819247
7.0200000000000005,0.26739076146095286,0.3353651732913851
7.04,0.47995662637793146,0.4693184564641987
7.0600000000000005,0.463058073604071,0.48717705060114186
7.08,0.2872772387231671,0.26886221776545405
7.1000000000000005,0.010924203904051643,0.041436906720036505
7.12,-0.33056304156761507,-0.282535049367027
7.140000000000001,-0.4845009050182623,-0.5005481185453722
7.16,-0.49101495222004654,-0.46020588243441124
7.18,-0.3310161769465504,-0.2832264904230044
7.2,-0.0034102618036967436,0.0043472197218302555
7.22,0.319423222762003,0.3027114623277124
7.24,0.4879786024246661,0.4801832626924062
7.26,0.513104586129419,0.49813910166040976
7.28,0.2774459044046418,0.28831559535522283
7.3,0.013162966802299978,-0.0012621799749596369
7.32,-0.2991093935342453,-0.27630179870353233
7.34,-0.47526515732020436,-0.455651454613034
7.36,-0.5032147185423854,-0.46796524871261497
7.38,-0.24795528866310093,-0.26840223935548735
7.4,0.0029051528075643737,0.0037924901426161094
7.42,0.31821311488671006,0.2724229944720921
7.44,0.47544034904549526,0.5105050342578259
7.46,0.47522991096086525,0.4797814392448137
7.48,0.3038721479989753,0.3086065396133403
7.5,0.009969434284287338,-0.024793953092339942
7.5200000000000005,-0.28660982038754645,-0.30055259015648045
7.54,-0.46337537689620834,-0.49483731344665804
7.5600000000000005,-0.4695628021310125,-0.45253828931087964
7.58,-0.30492150481666896,-0.2962729025902599
7.6000000000000005,-0.012460056332036807,-0.001424616132318509
7.62,0.2788418388770884,0.2774145644270929
7.640000000000001,0.47528211347135413,0.46529675900056283
7.66,0.49085924417307414,0.48224775389123775
7.68,0.2810458059291899,0.3069882666604233
7.7,0.012660586487205751,-0.009284844583923146
7.72,-0.32841498066722685,-0.3380985269680976
7.74,-0.46803622189279387,-0.4600719312661821
7.76,-0.4633597749039066,-0.4815195418038953
7.78,-0.2971031711065116,-0.31802980662484065
7.8,0.04682341603416645,0.013648928469574589
7.82,0.29558993932435984,0.3021329676973134
7.84,0.5117688382835783,0.4775444980338002
7.86,0.47588602380802547,0.46372677836032433
7.88,0.24992022425308408,0.3145211061105138
7.9,-0.0023982291932154332,8.548841149229922e-05
7.92,-0.30875083740716713,-0.3260809108856095
7.94,-0.4369250967321123,-0.49340442961245756
7.96,-0.4352898010296053,-0.4566228047789122
7.98,-0.31848193217918214,-0.26651705647645496
8.0,-0.011490639132986856,0.024653300371260466
8.02,0.3001392204576366,0.3077791296292625
8.040000000000001,0.4898691079274528,0.5110268648371831
8.06,0.4593868851636495,0.4710227242539058
8.08,0.3051807801619241,0.29621813956224574
8.1,0.01616122855255741,-0.018333231327274806
8.120000000000001,-0.23833207071758566,-0.28717167223676
8.14,-0.4778760390701024,-0.49360961467286085
8.16,-0.5065033613262966,-0.4808139626359629
8.18,-0.3075841412814586,-0.31554344260361467
8.2,0.02659776424779849,0.0021290562353394795
8.22,0.3088300813546328,0.2937906491924588
8.24,0.4551879634229935,0.48755879494198345
8.26,0.4578164267514212,0.4792146964349102
8.28,0.31538785317492923,0.3007538242462983
8.3,0.006486919831676939,0.0069547134225563184
8.32,-0.2995010978924129,-0.29434838126285556
8.34,-0.4868049931928847,-0.4424950836738996
8.36,-0.4950513221874647,-0.5010750681709966
8.38,-0.327362904274595,-0.2802942700235135
8.4,-0.006770231847214706,0.0002601904651251169
8.42,0.3098666890971677,0.2792826158263895
8.44,0.4986920573778891,0.483949278884033
8.46,0.493205224576055,0.49897346285342364
8.48,0.31086555263980375,0.2763339241831572
8.5,-0.019529102418874886,-0.02806460650633499
8.52,-0.2511335762691217,-0.2942717040137631
8.540000000000001,-0.45830227730415624,-0.45803875865253063
8.56,-0.4762472136974197,-0.48722313451889293
8.58,-0.3008514928321794,-0.3254145887818593
8.6,0.03591924939431617,0.01914919681736674
8.620000000000001,0.3291356252532953,0.28494657877255686
8.64,0.4876151274948228,0.4963039030556227
8.66,0.4806121389171268,0.4850332848393461
8.68,0.2988906449245784,0.3093445762170902
8.700000000000001,0.028272741029859858,0.01601165551451502
8.72,-0.3043586213565523,-0.3052313694619174
8.74,-0.46847322895585997,-0.46332879810643723
8.76,-0.47014910941407334,-0.4687524376966546
8.78,-0.29285233634973645,-0.28255425733173
8.8,-0.005385063666229581,-0.013475762399647892
8.82,0.3041112301925246,0.28247605140420257
8.84,0.4713774466401256,0.4592078735356799
8.86,0.4778728076560883,0.48460795593926437
8.88,0.3102765467370306,0.310168005260901
8.9,-0.03090305058968445,0.02512214725663191
8.92,-0.2916953381775776,-0.29452739153292756
8.94,-0.4685447907392378,-0.48866720663414476
8.96,-0.46032776508991935,-0.4464074263201839
8.98,-0.32761509139088846,-0.2785589087485618
9.0,-0.0016743281092994747,-0.050205683164566646
9.02,0.3162671150884905,0.3143463197491731
9.040000000000001,0.45567843824922216,0.46632878014559814
9.06,0.4838067905402795,0.4784592697874652
9.08,0.2574926714497146,0.272461855121401
9.1,-0.015444620285222345,0.02621016084868195
9.120000000000001,-0.28090052158051376,-0.2755499232439665
9.14,-0.4558107828043416,-0.4742923091397751
9.16,-0.5025200885965875,-0.44508592167425415
9.18,-0.29314669914178404,-0.26923243571962413
9.200000000000001,-0.0163367636632532,0.018323358377373606
9.22,0.2817087559411187,0.2511168883987829
9.24,0.44884642848488543,0.4863385512245614
9.26,0.4709543605730591,0.4974960911676934
9.28,0.29090234676375415,0.2795906045258515
9.3,-0.008804170832845955,-0.019261528453865504
9.32,-0.3113523199804141,-0.2747597014401677
9.34,-0.468600375529271,-0.48958936304965894
9.36,-0.4706110243892177,-0.4501711334047588
9.38,-0.2947613470839897,-0.2926778532364686
9.4,0.03442012502468447,-0.009831467402652595
9.42,0.28775579139821983,0.3205712712427898
9.44,0.4824846807672978,0.4795608692848411
9.46,0.4938534383118474,0.4880953824328493
9.48,0.2932081590236231,0.32891739975475237
9.5,-0.0010789301175025176,0.016517849243618692
9.52,-0.2702025550260086,-0.29625178788801526
9.540000000000001,-0.4776499110088767,-0.4654973018516551
9.56,-0.48403716767978905,-0.4726918037762154
9.58,-0.3285458325158628,-0.2805216339117166
9.6,0.004665904491970297,0.0048048732415709354
9.620000000000001,0.32835255965351257,0.28599929259019086
9.64,0.4614625275292,0.463787714774638
9.66,0.5017282582946914,0.4939850829670295
9.68,0.3258215531161335,0.3072384936978994
9.700000000000001,-0.04097925049563204,-0.0075198783325811525
9.72,-0.3090732982004063,-0.26537572742541515
9.74,-0.4865516510213384,-0.4373769893107032
9.76,-0.4610585383030204,-0.49553393367093124
9.78,-0.2982807512703092,-0.29383068777413124
9.8,-0.006124321674432475,0.014544370454521881
9.82,0.3050688385821119,0.30423659786516516
9.84,0.4913114106750994,0.4538949516489243
9.86,0.45332914097748506,0.44543244211491495
9.88,0.28486554388797997,0.31012726343615515
9.9,0.009464787200618916,-0.010683163558968074
9.92,-0.3017443398671918,-0.2845954531608593
9.94,-0.48450682653590654,-0.48129268308288115
9.96,-0.4684061303192437,-0.49860332878238034
9.98,-0.26080843040669033,-0.2819770052337317
